100	2313
0	1
0	5
0	11
0	17
0	21
0	29
0	32
0	35
0	47
0	51
0	55
0	60
0	75
0	85
0	92
0	93
0	95
0	98
0	99
1	4
1	19
1	27
1	36
1	41
1	52
1	69
1	75
1	81
1	95
2	1
2	5
2	11
2	17
2	21
2	28
2	29
2	31
2	32
2	35
2	47
2	51
2	60
2	75
2	85
2	92
2	93
2	95
2	99
3	1
3	5
3	17
3	21
3	29
3	31
3	35
3	47
3	75
3	91
3	92
3	93
3	95
3	99
4	1
4	5
4	11
4	15
4	17
4	21
4	28
4	29
4	31
4	32
4	35
4	47
4	51
4	55
4	75
4	85
4	91
4	92
4	93
4	95
4	99
5	1
5	4
5	19
5	27
5	36
5	41
5	44
5	52
5	66
5	75
5	81
5	95
6	1
6	4
6	19
6	27
6	36
6	41
6	52
6	66
6	69
6	75
6	81
6	95
7	1
7	4
7	19
7	27
7	36
7	52
7	54
7	66
7	75
7	81
7	95
8	1
8	11
8	17
8	21
8	29
8	32
8	35
8	47
8	51
8	55
8	60
8	75
8	91
8	92
8	93
8	95
8	98
8	99
9	1
9	3
9	5
9	11
9	17
9	21
9	29
9	31
9	35
9	44
9	47
9	51
9	55
9	60
9	75
9	85
9	92
9	93
9	95
9	98
9	99
10	1
10	5
10	11
10	15
10	17
10	21
10	29
10	31
10	35
10	47
10	51
10	60
10	75
10	91
10	92
10	93
10	95
10	98
10	99
11	1
11	4
11	19
11	27
11	36
11	52
11	54
11	66
11	69
11	75
11	81
11	95
12	1
12	5
12	17
12	21
12	29
12	31
12	35
12	47
12	51
12	55
12	75
12	85
12	91
12	92
12	93
12	95
12	99
13	1
13	4
13	27
13	36
13	41
13	52
13	66
13	69
13	75
13	81
13	95
14	1
14	5
14	7
14	8
14	9
14	10
14	11
14	12
14	13
14	16
14	17
14	18
14	19
14	20
14	21
14	22
14	23
14	24
14	25
14	27
14	29
14	30
14	32
14	34
14	35
14	36
14	37
14	38
14	42
14	43
14	46
14	47
14	48
14	50
14	51
14	52
14	53
14	54
14	55
14	56
14	57
14	59
14	61
14	62
14	64
14	65
14	66
14	67
14	68
14	69
14	70
14	71
14	72
14	73
14	74
14	75
14	78
14	79
14	80
14	81
14	82
14	83
14	84
14	85
14	86
14	87
14	91
14	92
14	93
14	94
14	95
14	96
14	97
14	98
14	99
15	1
15	5
15	11
15	17
15	21
15	29
15	31
15	32
15	35
15	47
15	51
15	58
15	60
15	75
15	85
15	92
15	93
15	95
15	98
15	99
16	1
16	11
16	17
16	21
16	29
16	31
16	47
16	51
16	55
16	60
16	75
16	85
16	91
16	92
16	93
16	95
16	98
16	99
17	1
17	4
17	19
17	27
17	36
17	41
17	52
17	66
17	75
17	81
17	95
18	1
18	4
18	5
18	6
18	7
18	8
18	9
18	10
18	11
18	12
18	13
18	14
18	16
18	17
18	19
18	20
18	22
18	23
18	25
18	27
18	29
18	30
18	31
18	32
18	33
18	34
18	35
18	36
18	37
18	38
18	40
18	41
18	42
18	43
18	47
18	48
18	51
18	55
18	56
18	57
18	60
18	61
18	62
18	64
18	65
18	67
18	68
18	69
18	70
18	71
18	72
18	73
18	74
18	75
18	76
18	79
18	80
18	81
18	82
18	83
18	84
18	85
18	86
18	87
18	88
18	89
18	91
18	92
18	93
18	94
18	95
18	96
18	97
18	99
19	1
19	5
19	11
19	17
19	21
19	29
19	32
19	35
19	47
19	51
19	55
19	58
19	60
19	75
19	93
19	95
19	99
20	1
20	5
20	11
20	17
20	21
20	29
20	31
20	32
20	35
20	47
20	51
20	55
20	75
20	85
20	92
20	93
20	95
20	98
21	1
21	75
21	95
22	1
22	5
22	11
22	17
22	21
22	29
22	31
22	32
22	35
22	47
22	51
22	55
22	60
22	75
22	91
22	92
22	93
22	95
22	98
22	99
23	1
23	5
23	11
23	17
23	21
23	29
23	31
23	32
23	35
23	47
23	49
23	51
23	60
23	75
23	85
23	91
23	92
23	93
23	95
23	98
23	99
24	1
24	5
24	11
24	21
24	29
24	31
24	32
24	47
24	51
24	55
24	60
24	75
24	91
24	92
24	93
24	95
24	98
24	99
25	1
25	19
25	27
25	36
25	52
25	54
25	66
25	69
25	75
25	81
25	95
26	1
26	3
26	5
26	11
26	17
26	21
26	29
26	32
26	35
26	44
26	47
26	51
26	55
26	75
26	85
26	91
26	92
26	93
26	95
26	99
27	1
27	5
27	11
27	17
27	21
27	28
27	29
27	31
27	35
27	47
27	51
27	60
27	75
27	85
27	91
27	92
27	93
27	95
27	98
27	99
28	1
28	5
28	11
28	17
28	21
28	29
28	31
28	32
28	35
28	44
28	47
28	51
28	55
28	75
28	85
28	91
28	92
28	93
28	95
28	99
29	1
29	19
29	27
29	36
29	41
29	52
29	66
29	75
29	81
29	95
30	1
30	5
30	11
30	17
30	21
30	29
30	31
30	35
30	47
30	55
30	60
30	75
30	85
30	91
30	92
30	93
30	95
30	98
30	99
31	1
31	75
31	95
32	1
32	19
32	27
32	36
32	39
32	54
32	66
32	69
32	75
32	81
32	95
33	1
33	11
33	17
33	21
33	29
33	31
33	32
33	35
33	47
33	51
33	55
33	60
33	75
33	85
33	91
33	92
33	93
33	95
33	98
33	99
34	1
34	5
34	21
34	29
34	31
34	32
34	35
34	47
34	51
34	55
34	60
34	75
34	91
34	92
34	95
34	99
35	1
35	4
35	19
35	27
35	36
35	52
35	54
35	66
35	69
35	75
35	81
35	95
36	1
36	5
36	11
36	17
36	21
36	29
36	31
36	32
36	35
36	47
36	51
36	55
36	60
36	75
36	91
36	92
36	93
36	95
36	98
36	99
37	1
37	4
37	19
37	27
37	36
37	41
37	54
37	66
37	75
37	81
37	95
38	1
38	11
38	15
38	17
38	21
38	29
38	31
38	35
38	47
38	49
38	51
38	55
38	60
38	75
38	91
38	92
38	93
38	95
38	99
39	1
39	4
39	19
39	27
39	36
39	52
39	54
39	66
39	69
39	75
39	81
39	95
40	1
40	4
40	5
40	6
40	7
40	8
40	9
40	10
40	11
40	12
40	13
40	16
40	18
40	19
40	20
40	21
40	22
40	23
40	25
40	27
40	28
40	29
40	30
40	31
40	33
40	34
40	35
40	36
40	37
40	38
40	41
40	42
40	46
40	47
40	48
40	49
40	50
40	51
40	52
40	53
40	54
40	55
40	56
40	57
40	60
40	61
40	62
40	64
40	66
40	67
40	68
40	70
40	71
40	72
40	73
40	74
40	75
40	76
40	79
40	81
40	82
40	84
40	85
40	86
40	87
40	88
40	89
40	92
40	93
40	94
40	95
40	96
40	97
40	98
40	99
41	1
41	3
41	5
41	11
41	17
41	21
41	29
41	31
41	32
41	35
41	47
41	51
41	60
41	75
41	85
41	91
41	92
41	93
41	95
41	98
41	99
42	1
42	5
42	11
42	17
42	21
42	29
42	31
42	32
42	47
42	51
42	55
42	60
42	75
42	85
42	92
42	93
42	95
42	98
42	99
43	1
43	4
43	5
43	6
43	7
43	8
43	9
43	10
43	11
43	12
43	13
43	16
43	17
43	18
43	19
43	20
43	21
43	23
43	25
43	27
43	29
43	30
43	31
43	32
43	33
43	34
43	35
43	36
43	37
43	41
43	42
43	46
43	47
43	48
43	49
43	50
43	51
43	52
43	53
43	54
43	55
43	56
43	57
43	59
43	60
43	61
43	62
43	65
43	66
43	67
43	68
43	69
43	70
43	71
43	72
43	73
43	74
43	75
43	76
43	78
43	79
43	80
43	81
43	82
43	83
43	84
43	85
43	86
43	87
43	88
43	89
43	91
43	92
43	93
43	94
43	95
43	96
43	97
43	98
43	99
44	1
44	4
44	5
44	6
44	7
44	8
44	9
44	10
44	11
44	12
44	13
44	14
44	16
44	17
44	18
44	19
44	20
44	21
44	22
44	23
44	25
44	27
44	29
44	30
44	31
44	32
44	33
44	34
44	35
44	36
44	37
44	38
44	41
44	42
44	43
44	46
44	47
44	50
44	51
44	52
44	53
44	54
44	55
44	56
44	61
44	62
44	64
44	65
44	66
44	67
44	68
44	69
44	70
44	71
44	72
44	74
44	75
44	78
44	79
44	80
44	81
44	82
44	83
44	84
44	86
44	87
44	88
44	91
44	93
44	94
44	95
44	96
44	97
44	98
44	99
45	1
45	4
45	19
45	27
45	41
45	52
45	66
45	69
45	75
45	81
45	95
46	1
46	5
46	11
46	17
46	21
46	29
46	35
46	47
46	51
46	58
46	60
46	75
46	92
46	93
46	95
46	98
46	99
47	1
47	4
47	19
47	27
47	36
47	52
47	54
47	66
47	69
47	75
47	81
47	95
48	1
48	5
48	11
48	17
48	21
48	29
48	32
48	35
48	47
48	51
48	75
48	85
48	91
48	92
48	93
48	95
48	99
49	0
49	1
49	4
49	5
49	6
49	8
49	9
49	10
49	12
49	14
49	16
49	17
49	18
49	19
49	20
49	21
49	22
49	25
49	27
49	29
49	30
49	31
49	33
49	34
49	35
49	36
49	37
49	38
49	42
49	43
49	46
49	47
49	48
49	50
49	51
49	52
49	53
49	54
49	56
49	57
49	59
49	60
49	61
49	62
49	65
49	66
49	67
49	68
49	70
49	71
49	72
49	73
49	74
49	75
49	78
49	79
49	80
49	81
49	83
49	84
49	85
49	86
49	87
49	88
49	89
49	91
49	92
49	93
49	95
49	96
49	97
49	98
49	99
50	1
50	5
50	11
50	15
50	17
50	21
50	29
50	31
50	35
50	47
50	51
50	55
50	75
50	85
50	92
50	93
50	95
50	98
50	99
51	1
51	75
51	95
52	1
52	5
52	11
52	17
52	21
52	29
52	32
52	35
52	39
52	47
52	51
52	55
52	58
52	60
52	75
52	85
52	91
52	92
52	93
52	95
52	98
52	99
53	1
53	4
53	19
53	27
53	36
53	44
53	52
53	54
53	66
53	69
53	75
53	81
53	95
54	1
54	4
54	5
54	6
54	7
54	8
54	9
54	10
54	11
54	12
54	13
54	14
54	15
54	16
54	18
54	19
54	20
54	22
54	23
54	25
54	27
54	29
54	30
54	31
54	32
54	33
54	34
54	35
54	36
54	37
54	38
54	41
54	42
54	43
54	46
54	47
54	48
54	50
54	51
54	52
54	53
54	56
54	57
54	59
54	60
54	61
54	62
54	64
54	65
54	67
54	68
54	69
54	70
54	71
54	72
54	73
54	74
54	75
54	78
54	79
54	80
54	81
54	82
54	83
54	84
54	86
54	87
54	88
54	91
54	92
54	93
54	94
54	95
54	96
54	97
54	98
55	1
55	4
55	19
55	27
55	36
55	41
55	66
55	69
55	75
55	95
56	1
56	5
56	11
56	17
56	21
56	29
56	31
56	35
56	47
56	51
56	55
56	75
56	85
56	91
56	92
56	93
56	95
56	98
56	99
57	1
57	5
57	11
57	17
57	29
57	31
57	32
57	35
57	47
57	51
57	55
57	60
57	75
57	85
57	91
57	92
57	93
57	95
57	98
57	99
58	1
58	4
58	19
58	27
58	36
58	41
58	52
58	54
58	66
58	69
58	75
58	81
58	95
59	1
59	4
59	5
59	6
59	7
59	8
59	9
59	10
59	11
59	12
59	13
59	14
59	16
59	17
59	18
59	20
59	21
59	22
59	23
59	27
59	29
59	30
59	31
59	32
59	33
59	34
59	36
59	37
59	38
59	41
59	42
59	43
59	46
59	47
59	48
59	50
59	51
59	52
59	55
59	56
59	57
59	61
59	62
59	64
59	65
59	66
59	67
59	68
59	69
59	70
59	71
59	72
59	73
59	74
59	75
59	76
59	78
59	79
59	80
59	81
59	82
59	83
59	84
59	85
59	86
59	87
59	88
59	89
59	91
59	92
59	93
59	94
59	95
59	96
59	97
59	98
59	99
60	1
60	4
60	5
60	7
60	8
60	9
60	10
60	11
60	12
60	13
60	14
60	16
60	17
60	18
60	19
60	21
60	22
60	23
60	25
60	27
60	29
60	30
60	33
60	34
60	35
60	37
60	38
60	41
60	42
60	43
60	47
60	48
60	50
60	52
60	53
60	54
60	55
60	56
60	57
60	61
60	62
60	65
60	67
60	68
60	70
60	72
60	73
60	74
60	75
60	76
60	79
60	80
60	81
60	82
60	83
60	84
60	86
60	87
60	88
60	90
60	91
60	92
60	93
60	94
60	95
60	96
60	97
60	98
60	99
61	1
61	5
61	11
61	17
61	21
61	29
61	31
61	32
61	35
61	47
61	51
61	75
61	85
61	91
61	93
61	95
61	98
61	99
62	1
62	5
62	11
62	17
62	21
62	29
62	31
62	32
62	35
62	47
62	51
62	55
62	60
62	75
62	85
62	91
62	92
62	93
62	95
62	98
62	99
63	0
63	1
63	4
63	5
63	6
63	7
63	8
63	9
63	10
63	12
63	13
63	14
63	17
63	18
63	19
63	20
63	21
63	22
63	23
63	25
63	26
63	29
63	30
63	32
63	33
63	34
63	35
63	36
63	37
63	38
63	41
63	42
63	43
63	47
63	48
63	50
63	51
63	52
63	53
63	56
63	57
63	59
63	61
63	62
63	64
63	65
63	66
63	67
63	68
63	69
63	70
63	71
63	72
63	73
63	74
63	75
63	76
63	78
63	79
63	80
63	81
63	82
63	83
63	84
63	85
63	86
63	87
63	92
63	94
63	95
63	96
63	97
63	98
63	99
64	1
64	4
64	19
64	27
64	36
64	41
64	52
64	66
64	69
64	75
64	81
64	95
65	1
65	5
65	11
65	17
65	21
65	29
65	32
65	35
65	47
65	51
65	55
65	75
65	85
65	91
65	92
65	93
65	95
65	98
65	99
66	1
66	5
66	11
66	17
66	21
66	28
66	29
66	31
66	32
66	35
66	47
66	51
66	58
66	60
66	75
66	91
66	92
66	93
66	95
66	98
66	99
67	1
67	5
67	11
67	17
67	21
67	29
67	31
67	35
67	47
67	51
67	55
67	60
67	75
67	85
67	91
67	92
67	93
67	95
67	98
67	99
68	1
68	4
68	19
68	27
68	36
68	41
68	52
68	66
68	75
68	81
68	95
69	1
69	5
69	11
69	17
69	21
69	32
69	35
69	39
69	47
69	51
69	55
69	75
69	92
69	93
69	95
69	98
70	1
70	5
70	11
70	17
70	21
70	29
70	31
70	32
70	35
70	47
70	51
70	60
70	75
70	85
70	91
70	92
70	93
70	95
70	99
71	1
71	4
71	19
71	27
71	36
71	41
71	52
71	66
71	69
71	75
71	81
71	95
72	1
72	4
72	5
72	6
72	7
72	8
72	9
72	10
72	11
72	12
72	13
72	17
72	18
72	19
72	20
72	21
72	23
72	27
72	28
72	29
72	30
72	31
72	33
72	34
72	35
72	36
72	37
72	38
72	41
72	42
72	43
72	46
72	47
72	48
72	50
72	52
72	53
72	54
72	55
72	56
72	57
72	59
72	60
72	62
72	64
72	65
72	67
72	68
72	69
72	70
72	71
72	73
72	74
72	75
72	78
72	80
72	81
72	82
72	84
72	86
72	87
72	88
72	89
72	92
72	93
72	94
72	95
72	96
72	97
72	98
72	99
73	1
73	5
73	11
73	17
73	21
73	29
73	31
73	32
73	35
73	47
73	51
73	55
73	60
73	75
73	85
73	91
73	92
73	93
73	95
73	98
73	99
74	1
74	5
74	11
74	17
74	21
74	28
74	29
74	31
74	32
74	35
74	47
74	51
74	55
74	60
74	75
74	91
74	93
74	95
74	98
74	99
75	1
75	4
75	5
75	6
75	7
75	8
75	9
75	10
75	11
75	12
75	13
75	14
75	16
75	17
75	18
75	19
75	20
75	21
75	22
75	23
75	27
75	29
75	30
75	31
75	33
75	34
75	35
75	36
75	37
75	38
75	41
75	42
75	43
75	45
75	46
75	47
75	48
75	50
75	51
75	52
75	53
75	54
75	55
75	56
75	60
75	61
75	62
75	64
75	65
75	66
75	67
75	68
75	70
75	71
75	72
75	73
75	74
75	78
75	79
75	81
75	82
75	83
75	84
75	85
75	86
75	87
75	88
75	89
75	91
75	92
75	93
75	94
75	95
75	96
75	97
75	99
76	1
76	3
76	5
76	11
76	17
76	21
76	29
76	31
76	32
76	35
76	39
76	47
76	51
76	75
76	85
76	91
76	92
76	95
76	98
76	99
77	1
77	5
77	11
77	17
77	29
77	31
77	32
77	35
77	47
77	51
77	55
77	60
77	75
77	85
77	91
77	92
77	93
77	95
77	98
77	99
78	1
78	5
78	11
78	17
78	21
78	28
78	29
78	32
78	35
78	47
78	51
78	55
78	75
78	85
78	91
78	92
78	95
78	98
78	99
79	1
79	5
79	11
79	17
79	21
79	29
79	32
79	47
79	51
79	55
79	60
79	75
79	85
79	91
79	92
79	93
79	95
79	98
79	99
80	1
80	5
80	11
80	15
80	17
80	21
80	29
80	35
80	47
80	51
80	55
80	60
80	75
80	85
80	91
80	92
80	93
80	95
80	98
80	99
81	1
81	5
81	11
81	17
81	21
81	29
81	31
81	32
81	35
81	47
81	51
81	75
81	85
81	91
81	92
81	93
81	95
81	99
82	1
82	75
82	95
83	1
83	3
83	11
83	17
83	21
83	29
83	35
83	39
83	44
83	47
83	51
83	55
83	60
83	75
83	91
83	92
83	93
83	95
83	98
83	99
84	1
84	27
84	36
84	52
84	54
84	66
84	69
84	75
84	81
84	95
85	1
85	4
85	5
85	6
85	7
85	8
85	9
85	10
85	11
85	12
85	13
85	14
85	16
85	17
85	18
85	19
85	20
85	21
85	22
85	23
85	25
85	27
85	28
85	29
85	30
85	31
85	32
85	34
85	35
85	36
85	37
85	38
85	42
85	43
85	46
85	47
85	48
85	50
85	51
85	52
85	53
85	56
85	59
85	60
85	61
85	62
85	64
85	65
85	66
85	67
85	68
85	69
85	70
85	71
85	72
85	73
85	74
85	75
85	76
85	79
85	83
85	84
85	86
85	87
85	88
85	89
85	91
85	92
85	93
85	94
85	95
85	96
85	97
85	99
86	1
86	11
86	17
86	21
86	29
86	32
86	35
86	47
86	51
86	55
86	60
86	75
86	85
86	91
86	92
86	93
86	95
86	99
87	1
87	4
87	19
87	27
87	36
87	41
87	52
87	54
87	66
87	69
87	75
87	81
87	95
88	1
88	4
88	19
88	27
88	36
88	44
88	52
88	66
88	75
88	81
88	95
89	1
89	5
89	11
89	17
89	21
89	28
89	29
89	31
89	32
89	35
89	47
89	51
89	55
89	60
89	75
89	92
89	93
89	95
89	99
90	1
90	5
90	11
90	17
90	21
90	28
90	29
90	31
90	32
90	35
90	47
90	51
90	55
90	75
90	85
90	92
90	93
90	95
90	98
90	99
91	1
91	4
91	19
91	27
91	36
91	52
91	54
91	66
91	69
91	75
91	81
91	95
92	1
92	4
92	19
92	27
92	36
92	39
92	41
92	52
92	54
92	66
92	69
92	75
92	95
93	1
93	4
93	19
93	27
93	36
93	54
93	66
93	69
93	75
93	95
94	1
94	5
94	11
94	17
94	21
94	29
94	31
94	35
94	47
94	49
94	51
94	60
94	75
94	92
94	93
94	95
94	98
94	99
95	1
95	5
95	11
95	17
95	21
95	28
95	29
95	35
95	47
95	51
95	55
95	58
95	60
95	75
95	85
95	92
95	93
95	98
96	1
96	19
96	27
96	36
96	41
96	52
96	66
96	75
96	81
96	95
97	1
97	4
97	19
97	27
97	36
97	39
97	41
97	52
97	54
97	66
97	69
97	75
97	81
97	95
98	1
98	75
98	95
99	1
99	44
99	75
99	95
