100	2770
0	1
0	2
0	3
0	4
0	7
0	8
0	10
0	11
0	12
0	13
0	14
0	15
0	16
0	17
0	21
0	22
0	23
0	29
0	30
0	31
0	32
0	33
0	34
0	37
0	38
0	39
0	41
0	42
0	43
0	44
0	47
0	48
0	49
0	51
0	52
0	53
0	54
0	55
0	56
0	57
0	58
0	59
0	60
0	63
0	65
0	67
0	68
0	69
0	70
0	71
0	72
0	74
0	75
0	76
0	78
0	80
0	81
0	82
0	83
0	84
0	85
0	86
0	87
0	89
0	91
0	94
0	95
0	96
0	97
0	98
1	0
1	2
1	3
1	4
1	7
1	8
1	10
1	11
1	12
1	13
1	14
1	15
1	16
1	18
1	20
1	21
1	22
1	23
1	24
1	27
1	28
1	30
1	31
1	32
1	33
1	34
1	37
1	38
1	41
1	42
1	43
1	44
1	45
1	47
1	48
1	51
1	52
1	53
1	54
1	55
1	56
1	57
1	58
1	59
1	60
1	63
1	65
1	66
1	67
1	68
1	69
1	70
1	71
1	72
1	74
1	75
1	78
1	79
1	82
1	83
1	84
1	85
1	86
1	87
1	89
1	91
1	92
1	94
1	96
1	97
2	1
2	19
2	22
2	35
2	43
2	44
2	45
2	52
2	53
2	65
2	69
2	70
2	82
2	89
2	97
2	99
3	22
3	43
3	44
3	53
3	69
3	97
4	22
4	43
4	44
4	53
4	69
4	97
5	1
5	2
5	3
5	4
5	6
5	7
5	8
5	10
5	11
5	12
5	13
5	14
5	15
5	16
5	17
5	18
5	19
5	20
5	21
5	22
5	23
5	24
5	27
5	28
5	29
5	30
5	31
5	32
5	33
5	34
5	37
5	38
5	39
5	41
5	42
5	43
5	44
5	45
5	47
5	49
5	51
5	52
5	53
5	54
5	55
5	56
5	57
5	58
5	59
5	60
5	63
5	66
5	68
5	69
5	70
5	71
5	72
5	74
5	75
5	76
5	77
5	78
5	79
5	80
5	81
5	82
5	83
5	84
5	85
5	86
5	87
5	89
5	91
5	94
5	95
5	96
5	97
5	98
5	99
6	1
6	2
6	3
6	4
6	7
6	8
6	10
6	11
6	12
6	13
6	14
6	15
6	16
6	17
6	18
6	20
6	21
6	22
6	23
6	24
6	27
6	29
6	30
6	31
6	32
6	33
6	34
6	35
6	37
6	38
6	41
6	42
6	43
6	44
6	45
6	46
6	47
6	48
6	49
6	51
6	52
6	53
6	54
6	56
6	57
6	59
6	60
6	63
6	65
6	66
6	67
6	69
6	70
6	71
6	72
6	74
6	75
6	76
6	78
6	79
6	80
6	81
6	82
6	83
6	84
6	85
6	86
6	87
6	89
6	91
6	94
6	96
6	97
6	98
7	1
7	22
7	35
7	43
7	44
7	45
7	52
7	53
7	65
7	69
7	70
7	77
7	82
7	89
7	93
7	97
7	99
8	1
8	22
8	35
8	43
8	44
8	45
8	52
8	53
8	65
8	69
8	70
8	82
8	89
8	92
8	97
8	99
9	1
9	2
9	4
9	7
9	8
9	10
9	11
9	12
9	13
9	14
9	15
9	16
9	17
9	18
9	20
9	21
9	22
9	23
9	24
9	26
9	28
9	29
9	31
9	32
9	33
9	34
9	35
9	36
9	37
9	38
9	40
9	41
9	42
9	43
9	44
9	45
9	46
9	47
9	48
9	51
9	52
9	53
9	54
9	55
9	56
9	57
9	58
9	59
9	60
9	63
9	65
9	66
9	68
9	69
9	70
9	71
9	72
9	74
9	75
9	76
9	78
9	79
9	80
9	81
9	82
9	83
9	84
9	85
9	86
9	87
9	89
9	91
9	94
9	95
9	96
9	97
9	99
10	1
10	22
10	35
10	43
10	44
10	45
10	52
10	53
10	65
10	69
10	70
10	82
10	89
10	97
10	99
11	4
11	7
11	17
11	20
11	22
11	23
11	27
11	28
11	33
11	34
11	37
11	41
11	42
11	43
11	44
11	53
11	66
11	69
11	74
11	85
11	86
11	91
11	97
12	4
12	7
12	17
12	20
12	22
12	23
12	27
12	33
12	34
12	37
12	41
12	42
12	43
12	44
12	53
12	66
12	69
12	74
12	85
12	86
12	91
12	97
13	1
13	22
13	43
13	44
13	45
13	53
13	65
13	69
13	70
13	82
13	88
13	97
13	99
14	1
14	2
14	3
14	4
14	7
14	8
14	10
14	11
14	12
14	13
14	15
14	16
14	17
14	18
14	21
14	22
14	23
14	24
14	26
14	27
14	29
14	30
14	31
14	32
14	33
14	34
14	35
14	37
14	38
14	39
14	41
14	42
14	43
14	44
14	45
14	46
14	47
14	48
14	49
14	51
14	52
14	53
14	54
14	55
14	56
14	57
14	59
14	60
14	61
14	63
14	64
14	65
14	66
14	67
14	69
14	70
14	71
14	72
14	74
14	75
14	76
14	78
14	79
14	80
14	81
14	82
14	83
14	84
14	85
14	86
14	87
14	88
14	89
14	91
14	94
14	95
14	96
14	97
14	98
15	1
15	19
15	22
15	43
15	44
15	45
15	52
15	53
15	65
15	69
15	70
15	82
15	88
15	89
15	97
16	4
16	7
16	17
16	20
16	22
16	23
16	27
16	28
16	33
16	34
16	37
16	42
16	43
16	44
16	47
16	53
16	69
16	74
16	85
16	86
16	91
16	97
17	1
17	2
17	3
17	4
17	7
17	8
17	10
17	11
17	12
17	13
17	14
17	15
17	16
17	18
17	20
17	21
17	22
17	23
17	24
17	26
17	28
17	30
17	31
17	32
17	33
17	34
17	35
17	37
17	38
17	41
17	42
17	43
17	44
17	45
17	47
17	48
17	49
17	50
17	51
17	52
17	53
17	54
17	55
17	56
17	57
17	59
17	60
17	63
17	65
17	66
17	67
17	68
17	69
17	70
17	71
17	72
17	75
17	76
17	78
17	79
17	80
17	81
17	82
17	83
17	84
17	85
17	86
17	87
17	89
17	90
17	91
17	92
17	94
17	96
17	97
17	98
17	99
18	1
18	22
18	35
18	43
18	44
18	45
18	52
18	53
18	65
18	69
18	70
18	82
18	89
18	97
18	99
19	1
19	22
19	43
19	44
19	52
19	53
19	65
19	69
19	70
19	82
19	89
19	97
19	99
20	1
20	22
20	43
20	44
20	45
20	52
20	53
20	65
20	69
20	70
20	82
20	97
21	1
21	22
21	35
21	40
21	43
21	44
21	45
21	52
21	53
21	65
21	69
21	70
21	77
21	82
21	89
21	97
21	99
22	1
22	2
22	3
22	4
22	8
22	10
22	11
22	12
22	13
22	14
22	15
22	16
22	17
22	18
22	20
22	21
22	23
22	26
22	27
22	28
22	29
22	31
22	32
22	33
22	34
22	35
22	37
22	38
22	41
22	42
22	43
22	44
22	45
22	46
22	47
22	48
22	51
22	52
22	53
22	54
22	55
22	56
22	57
22	58
22	59
22	60
22	63
22	65
22	66
22	67
22	68
22	69
22	70
22	71
22	72
22	74
22	75
22	76
22	78
22	79
22	80
22	83
22	84
22	85
22	86
22	87
22	89
22	91
22	94
22	95
22	96
22	97
22	98
22	99
23	1
23	22
23	35
23	43
23	44
23	45
23	52
23	53
23	65
23	69
23	70
23	82
23	89
23	93
23	97
23	99
24	1
24	6
24	22
24	35
24	43
24	44
24	45
24	52
24	53
24	65
24	69
24	70
24	82
24	89
24	93
24	97
24	99
25	1
25	2
25	3
25	4
25	7
25	10
25	11
25	14
25	15
25	16
25	18
25	20
25	21
25	22
25	23
25	24
25	28
25	29
25	30
25	31
25	32
25	33
25	34
25	37
25	38
25	41
25	42
25	43
25	44
25	45
25	46
25	47
25	48
25	49
25	52
25	53
25	54
25	55
25	56
25	57
25	58
25	59
25	60
25	63
25	65
25	66
25	67
25	68
25	69
25	70
25	71
25	72
25	74
25	75
25	76
25	78
25	79
25	80
25	81
25	82
25	83
25	84
25	85
25	86
25	87
25	89
25	91
25	94
25	96
25	97
25	98
25	99
26	4
26	7
26	17
26	22
26	23
26	27
26	28
26	33
26	34
26	39
26	40
26	41
26	42
26	43
26	44
26	47
26	53
26	66
26	69
26	74
26	85
26	86
26	91
26	97
27	4
27	7
27	20
27	22
27	23
27	28
27	33
27	34
27	37
27	41
27	42
27	43
27	44
27	47
27	53
27	66
27	69
27	74
27	85
27	86
27	91
27	97
28	1
28	22
28	43
28	44
28	45
28	52
28	53
28	65
28	69
28	70
28	82
28	89
28	97
28	99
29	1
29	22
29	35
29	43
29	44
29	45
29	52
29	53
29	65
29	69
29	70
29	82
29	92
29	97
29	99
30	0
30	1
30	22
30	35
30	43
30	44
30	45
30	52
30	53
30	65
30	69
30	70
30	88
30	89
30	97
31	1
31	5
31	6
31	22
31	43
31	44
31	45
31	52
31	53
31	65
31	69
31	70
31	82
31	89
31	97
31	99
32	4
32	7
32	17
32	20
32	22
32	23
32	27
32	28
32	33
32	34
32	37
32	41
32	43
32	44
32	47
32	53
32	69
32	74
32	85
32	86
32	91
32	97
33	1
33	6
33	22
33	35
33	43
33	44
33	45
33	52
33	53
33	65
33	69
33	70
33	82
33	89
33	97
34	0
34	1
34	22
34	43
34	44
34	45
34	52
34	53
34	65
34	69
34	70
34	82
34	88
34	89
34	92
34	97
34	99
35	4
35	7
35	17
35	20
35	22
35	23
35	27
35	33
35	34
35	37
35	42
35	43
35	44
35	47
35	53
35	66
35	69
35	74
35	85
35	86
35	91
35	93
35	97
36	0
36	1
36	2
36	3
36	7
36	8
36	10
36	14
36	15
36	16
36	17
36	18
36	20
36	21
36	22
36	23
36	24
36	27
36	28
36	30
36	31
36	32
36	33
36	34
36	35
36	37
36	38
36	42
36	43
36	44
36	45
36	46
36	47
36	48
36	49
36	51
36	52
36	53
36	54
36	55
36	56
36	57
36	59
36	60
36	62
36	63
36	65
36	66
36	67
36	68
36	69
36	70
36	71
36	72
36	75
36	76
36	79
36	80
36	81
36	82
36	83
36	84
36	85
36	86
36	87
36	89
36	91
36	94
36	96
36	97
36	98
36	99
37	1
37	6
37	22
37	35
37	43
37	44
37	45
37	52
37	53
37	65
37	69
37	70
37	82
37	89
37	92
37	97
37	99
38	22
38	43
38	44
38	53
38	69
38	97
39	1
39	5
39	6
39	22
39	43
39	44
39	45
39	52
39	53
39	65
39	69
39	70
39	82
39	88
39	89
39	97
39	99
40	1
40	22
40	35
40	43
40	44
40	45
40	52
40	53
40	65
40	69
40	70
40	82
40	88
40	89
40	92
40	97
40	99
41	1
41	22
41	35
41	43
41	44
41	45
41	52
41	53
41	65
41	69
41	70
41	82
41	89
41	97
42	1
42	22
42	35
42	40
42	43
42	44
42	45
42	52
42	53
42	65
42	69
42	70
42	82
42	88
42	89
42	97
43	1
43	22
43	35
43	44
43	45
43	52
43	53
43	65
43	69
43	70
43	82
43	89
43	97
43	99
44	22
44	43
44	45
44	52
44	53
44	65
44	69
44	70
44	77
44	82
44	89
44	97
45	4
45	7
45	17
45	22
45	23
45	27
45	33
45	34
45	37
45	41
45	42
45	43
45	44
45	47
45	53
45	69
45	74
45	85
45	86
45	91
45	97
46	1
46	22
46	35
46	43
46	44
46	45
46	52
46	53
46	65
46	69
46	70
46	82
46	89
46	97
46	99
47	1
47	22
47	43
47	44
47	45
47	52
47	53
47	65
47	69
47	70
47	89
47	97
48	1
48	22
48	35
48	40
48	43
48	44
48	45
48	52
48	53
48	69
48	70
48	82
48	89
48	97
48	99
49	0
49	22
49	43
49	44
49	53
49	69
49	97
50	1
50	2
50	3
50	4
50	7
50	8
50	10
50	11
50	13
50	14
50	15
50	16
50	18
50	20
50	21
50	22
50	23
50	26
50	27
50	28
50	30
50	31
50	32
50	33
50	34
50	35
50	37
50	38
50	41
50	42
50	43
50	44
50	45
50	46
50	47
50	48
50	49
50	51
50	52
50	53
50	54
50	55
50	56
50	58
50	59
50	60
50	63
50	67
50	68
50	69
50	70
50	71
50	72
50	74
50	75
50	76
50	79
50	80
50	83
50	84
50	85
50	86
50	87
50	89
50	91
50	94
50	95
50	96
50	97
50	98
50	99
51	1
51	22
51	35
51	40
51	43
51	44
51	45
51	52
51	53
51	65
51	69
51	70
51	82
51	89
51	97
52	0
52	1
52	19
52	22
52	35
52	43
52	44
52	45
52	53
52	69
52	70
52	77
52	82
52	89
52	97
52	99
53	4
53	7
53	20
53	22
53	23
53	27
53	33
53	34
53	37
53	41
53	42
53	43
53	44
53	47
53	69
53	74
53	85
53	86
53	91
53	97
54	4
54	7
54	17
54	22
54	23
54	27
54	28
54	33
54	34
54	37
54	41
54	42
54	43
54	44
54	47
54	53
54	69
54	74
54	86
54	91
54	97
55	1
55	22
55	35
55	43
55	44
55	45
55	52
55	53
55	65
55	69
55	70
55	82
55	89
55	97
56	1
56	22
56	35
56	43
56	44
56	52
56	53
56	65
56	69
56	70
56	89
56	97
56	99
57	22
57	43
57	44
57	53
57	69
57	97
58	1
58	22
58	35
58	43
58	44
58	45
58	52
58	53
58	65
58	69
58	70
58	82
58	89
58	97
58	99
59	0
59	1
59	22
59	35
59	43
59	44
59	45
59	52
59	53
59	65
59	69
59	70
59	82
59	89
59	97
59	99
60	1
60	6
60	22
60	40
60	43
60	44
60	45
60	52
60	53
60	65
60	69
60	70
60	82
60	89
60	97
60	99
61	2
61	4
61	7
61	8
61	11
61	12
61	13
61	14
61	15
61	16
61	17
61	18
61	20
61	21
61	22
61	23
61	26
61	27
61	30
61	31
61	32
61	33
61	34
61	35
61	37
61	38
61	41
61	42
61	43
61	44
61	45
61	46
61	47
61	48
61	49
61	51
61	52
61	53
61	54
61	55
61	56
61	57
61	59
61	60
61	63
61	65
61	66
61	67
61	68
61	69
61	70
61	71
61	72
61	74
61	75
61	76
61	78
61	79
61	80
61	81
61	82
61	83
61	84
61	85
61	86
61	87
61	89
61	91
61	94
61	95
61	96
61	97
61	98
61	99
62	0
62	1
62	2
62	3
62	4
62	6
62	7
62	8
62	10
62	11
62	12
62	13
62	14
62	15
62	16
62	17
62	18
62	20
62	21
62	22
62	23
62	26
62	28
62	30
62	31
62	32
62	33
62	34
62	35
62	36
62	37
62	38
62	41
62	42
62	43
62	44
62	45
62	48
62	51
62	52
62	53
62	54
62	55
62	56
62	57
62	58
62	59
62	60
62	63
62	64
62	65
62	67
62	68
62	69
62	70
62	71
62	72
62	74
62	75
62	76
62	78
62	79
62	80
62	81
62	82
62	83
62	84
62	85
62	86
62	87
62	88
62	89
62	91
62	94
62	95
62	96
62	97
62	98
63	1
63	22
63	43
63	44
63	45
63	53
63	65
63	69
63	70
63	82
63	89
63	97
64	4
64	7
64	17
64	20
64	22
64	23
64	27
64	28
64	33
64	34
64	37
64	39
64	41
64	42
64	43
64	44
64	47
64	53
64	66
64	69
64	74
64	85
64	86
64	91
64	97
65	1
65	2
65	3
65	4
65	8
65	9
65	10
65	11
65	12
65	13
65	15
65	16
65	18
65	20
65	21
65	22
65	23
65	24
65	26
65	27
65	29
65	30
65	31
65	32
65	33
65	37
65	41
65	42
65	43
65	44
65	45
65	46
65	47
65	48
65	49
65	51
65	52
65	53
65	54
65	55
65	56
65	57
65	58
65	60
65	62
65	63
65	64
65	66
65	67
65	68
65	69
65	70
65	71
65	72
65	74
65	75
65	76
65	78
65	79
65	80
65	81
65	82
65	83
65	84
65	85
65	86
65	87
65	89
65	91
65	94
65	95
65	96
65	97
65	99
66	1
66	2
66	3
66	4
66	7
66	8
66	9
66	10
66	11
66	13
66	14
66	15
66	16
66	17
66	18
66	20
66	21
66	22
66	23
66	24
66	27
66	28
66	30
66	31
66	32
66	33
66	34
66	37
66	41
66	42
66	43
66	44
66	45
66	46
66	47
66	48
66	49
66	51
66	52
66	53
66	54
66	55
66	56
66	57
66	58
66	60
66	63
66	67
66	68
66	69
66	70
66	71
66	72
66	74
66	75
66	76
66	78
66	79
66	80
66	81
66	82
66	83
66	84
66	85
66	86
66	87
66	89
66	91
66	93
66	94
66	95
66	96
66	97
66	98
66	99
67	1
67	22
67	35
67	43
67	44
67	45
67	52
67	53
67	65
67	69
67	70
67	82
67	89
67	92
67	97
68	1
68	22
68	35
68	43
68	44
68	45
68	52
68	53
68	65
68	69
68	70
68	82
68	89
68	97
68	99
69	1
69	22
69	35
69	43
69	44
69	45
69	52
69	53
69	65
69	70
69	82
69	89
69	93
69	97
69	99
70	4
70	7
70	17
70	20
70	22
70	23
70	27
70	28
70	33
70	34
70	37
70	42
70	43
70	44
70	47
70	53
70	66
70	69
70	74
70	85
70	86
70	91
70	97
71	1
71	22
71	35
71	43
71	44
71	45
71	52
71	53
71	65
71	69
71	70
71	82
71	89
71	93
71	97
72	1
72	22
72	35
72	40
72	43
72	44
72	45
72	52
72	53
72	65
72	69
72	70
72	82
72	89
72	92
72	97
73	1
73	22
73	35
73	43
73	44
73	45
73	52
73	53
73	65
73	69
73	70
73	82
73	88
73	89
73	97
73	99
74	22
74	43
74	44
74	53
74	69
74	97
75	1
75	22
75	35
75	43
75	44
75	45
75	53
75	65
75	69
75	70
75	82
75	89
75	97
75	99
76	1
76	22
76	35
76	43
76	44
76	45
76	52
76	53
76	65
76	69
76	70
76	82
76	89
76	97
76	99
77	22
77	43
77	44
77	53
77	69
77	97
78	1
78	22
78	35
78	43
78	44
78	45
78	52
78	53
78	65
78	69
78	70
78	77
78	82
78	88
78	89
78	97
79	4
79	22
79	23
79	33
79	34
79	37
79	41
79	42
79	43
79	44
79	47
79	53
79	66
79	69
79	74
79	85
79	86
79	91
79	97
80	1
80	2
80	3
80	4
80	7
80	8
80	10
80	11
80	12
80	13
80	14
80	15
80	16
80	18
80	21
80	22
80	23
80	26
80	27
80	28
80	29
80	30
80	31
80	32
80	33
80	34
80	35
80	37
80	38
80	41
80	42
80	43
80	44
80	45
80	46
80	47
80	48
80	49
80	51
80	52
80	53
80	54
80	55
80	56
80	57
80	58
80	59
80	60
80	63
80	65
80	68
80	69
80	70
80	72
80	73
80	74
80	75
80	76
80	82
80	83
80	84
80	86
80	87
80	89
80	94
80	95
80	96
80	97
80	99
81	1
81	2
81	3
81	4
81	7
81	8
81	10
81	11
81	12
81	13
81	14
81	15
81	16
81	17
81	18
81	20
81	21
81	22
81	23
81	24
81	26
81	27
81	28
81	29
81	30
81	31
81	32
81	33
81	34
81	35
81	37
81	38
81	41
81	42
81	43
81	44
81	45
81	46
81	47
81	48
81	51
81	52
81	53
81	54
81	55
81	56
81	57
81	58
81	59
81	60
81	63
81	65
81	66
81	67
81	68
81	69
81	70
81	71
81	72
81	74
81	75
81	76
81	78
81	79
81	80
81	83
81	84
81	85
81	86
81	87
81	89
81	91
81	94
81	95
81	96
81	97
81	98
81	99
82	4
82	7
82	20
82	22
82	23
82	27
82	33
82	34
82	37
82	41
82	42
82	43
82	44
82	47
82	53
82	66
82	69
82	74
82	85
82	86
82	91
82	97
83	1
83	2
83	3
83	4
83	7
83	8
83	10
83	11
83	13
83	14
83	15
83	16
83	17
83	18
83	20
83	22
83	23
83	24
83	27
83	28
83	29
83	30
83	32
83	33
83	34
83	37
83	38
83	41
83	42
83	43
83	44
83	45
83	46
83	47
83	48
83	50
83	53
83	54
83	55
83	56
83	57
83	58
83	59
83	60
83	63
83	65
83	66
83	67
83	68
83	69
83	70
83	71
83	72
83	75
83	76
83	78
83	79
83	80
83	81
83	82
83	84
83	85
83	87
83	89
83	90
83	91
83	94
83	95
83	96
83	97
83	98
83	99
84	4
84	7
84	17
84	22
84	23
84	27
84	33
84	34
84	37
84	41
84	42
84	43
84	44
84	53
84	66
84	69
84	74
84	85
84	86
84	91
84	97
85	1
85	22
85	35
85	43
85	44
85	45
85	52
85	53
85	65
85	69
85	70
85	82
85	89
85	97
85	99
86	1
86	22
86	43
86	44
86	45
86	52
86	53
86	65
86	69
86	70
86	82
86	89
86	97
86	99
87	1
87	22
87	35
87	43
87	44
87	45
87	52
87	53
87	65
87	69
87	70
87	82
87	89
87	97
88	1
88	19
88	22
88	35
88	43
88	44
88	45
88	52
88	53
88	65
88	69
88	70
88	82
88	89
88	97
89	22
89	43
89	44
89	53
89	69
89	97
90	1
90	2
90	3
90	4
90	8
90	10
90	11
90	12
90	13
90	14
90	15
90	16
90	18
90	20
90	21
90	22
90	23
90	27
90	28
90	29
90	30
90	32
90	33
90	34
90	35
90	37
90	38
90	42
90	43
90	44
90	45
90	46
90	47
90	48
90	51
90	52
90	53
90	54
90	55
90	56
90	57
90	58
90	59
90	60
90	63
90	65
90	67
90	68
90	69
90	70
90	71
90	72
90	74
90	75
90	76
90	78
90	79
90	80
90	82
90	83
90	84
90	85
90	86
90	87
90	89
90	91
90	96
90	97
90	98
91	1
91	22
91	35
91	43
91	44
91	45
91	52
91	53
91	65
91	69
91	70
91	82
91	89
91	97
91	99
92	1
92	3
92	4
92	7
92	8
92	10
92	11
92	12
92	13
92	14
92	15
92	16
92	17
92	18
92	20
92	22
92	24
92	27
92	28
92	29
92	30
92	31
92	32
92	33
92	34
92	37
92	38
92	41
92	42
92	43
92	44
92	45
92	46
92	47
92	48
92	51
92	52
92	53
92	54
92	55
92	56
92	57
92	59
92	60
92	63
92	65
92	67
92	68
92	69
92	70
92	71
92	72
92	73
92	74
92	75
92	76
92	78
92	79
92	80
92	83
92	84
92	85
92	86
92	87
92	89
92	91
92	96
92	97
92	99
93	22
93	35
93	43
93	44
93	45
93	52
93	53
93	69
93	70
93	82
93	89
93	97
94	22
94	35
94	43
94	44
94	45
94	52
94	53
94	65
94	69
94	70
94	82
94	89
94	92
94	97
95	1
95	19
95	22
95	35
95	43
95	44
95	45
95	52
95	53
95	65
95	69
95	70
95	82
95	89
95	97
96	0
96	1
96	22
96	35
96	43
96	44
96	45
96	53
96	65
96	69
96	70
96	82
96	97
96	99
97	4
97	7
97	17
97	20
97	22
97	23
97	27
97	28
97	33
97	34
97	37
97	41
97	42
97	43
97	44
97	47
97	53
97	66
97	69
97	74
97	85
97	86
97	91
98	1
98	6
98	22
98	35
98	43
98	44
98	45
98	52
98	53
98	65
98	69
98	70
98	82
98	89
98	97
98	99
99	1
99	3
99	4
99	5
99	7
99	8
99	10
99	11
99	13
99	14
99	15
99	16
99	17
99	18
99	20
99	21
99	22
99	23
99	25
99	26
99	27
99	28
99	29
99	30
99	31
99	32
99	33
99	34
99	37
99	38
99	41
99	42
99	43
99	44
99	45
99	46
99	47
99	48
99	51
99	52
99	53
99	54
99	56
99	57
99	58
99	59
99	60
99	63
99	65
99	66
99	67
99	68
99	69
99	70
99	71
99	72
99	74
99	75
99	76
99	78
99	79
99	80
99	81
99	82
99	83
99	84
99	85
99	86
99	87
99	91
99	94
99	96
99	97
99	98
