100	2916
0	2
0	3
0	7
0	11
0	25
0	31
0	32
0	33
0	44
0	45
0	47
0	52
0	58
0	69
0	71
0	73
0	75
0	77
0	79
0	86
0	92
0	99
1	2
1	6
1	8
1	17
1	22
1	31
1	33
1	47
1	53
1	62
1	63
1	72
1	76
1	79
1	88
1	91
2	1
2	3
2	6
2	7
2	13
2	15
2	16
2	18
2	19
2	20
2	21
2	22
2	23
2	24
2	25
2	26
2	28
2	29
2	30
2	31
2	33
2	34
2	35
2	37
2	40
2	41
2	43
2	44
2	45
2	46
2	47
2	48
2	49
2	51
2	52
2	53
2	54
2	55
2	57
2	58
2	59
2	60
2	62
2	63
2	64
2	65
2	67
2	68
2	69
2	71
2	72
2	73
2	74
2	76
2	77
2	78
2	79
2	83
2	84
2	85
2	86
2	88
2	89
2	90
2	91
2	92
2	93
2	94
2	95
2	99
3	1
3	2
3	6
3	7
3	8
3	10
3	11
3	13
3	15
3	16
3	18
3	19
3	20
3	21
3	22
3	24
3	25
3	26
3	28
3	29
3	31
3	32
3	33
3	34
3	35
3	36
3	37
3	40
3	41
3	44
3	45
3	47
3	48
3	49
3	51
3	52
3	53
3	54
3	55
3	56
3	57
3	58
3	59
3	60
3	62
3	63
3	64
3	66
3	67
3	68
3	69
3	70
3	71
3	72
3	73
3	76
3	78
3	79
3	83
3	84
3	85
3	86
3	88
3	89
3	90
3	91
3	92
3	93
3	94
3	95
3	99
4	2
4	3
4	7
4	11
4	25
4	31
4	32
4	33
4	45
4	47
4	52
4	58
4	69
4	71
4	73
4	75
4	79
4	86
4	89
4	92
4	99
5	2
5	6
5	8
5	22
5	31
5	33
5	47
5	53
5	62
5	63
5	76
5	79
5	88
5	91
6	1
6	2
6	3
6	5
6	7
6	9
6	10
6	13
6	15
6	16
6	18
6	19
6	20
6	21
6	24
6	26
6	28
6	29
6	30
6	31
6	32
6	33
6	34
6	35
6	37
6	40
6	41
6	44
6	45
6	46
6	47
6	48
6	49
6	51
6	52
6	53
6	54
6	55
6	56
6	57
6	58
6	59
6	60
6	62
6	63
6	64
6	65
6	66
6	67
6	68
6	69
6	70
6	71
6	72
6	73
6	76
6	77
6	78
6	79
6	82
6	83
6	84
6	85
6	86
6	89
6	90
6	91
6	92
6	93
6	94
6	95
6	96
6	98
6	99
7	2
7	6
7	8
7	22
7	31
7	33
7	47
7	53
7	62
7	63
7	72
7	79
7	88
7	91
8	2
8	3
8	7
8	11
8	25
8	31
8	33
8	36
8	44
8	45
8	47
8	52
8	58
8	69
8	71
8	73
8	77
8	79
8	86
8	92
8	99
9	1
9	2
9	3
9	5
9	6
9	7
9	8
9	10
9	11
9	13
9	15
9	18
9	19
9	20
9	21
9	22
9	25
9	28
9	31
9	32
9	33
9	34
9	35
9	37
9	40
9	41
9	44
9	45
9	46
9	47
9	48
9	51
9	53
9	54
9	55
9	56
9	57
9	58
9	59
9	60
9	61
9	62
9	63
9	64
9	65
9	67
9	68
9	69
9	70
9	71
9	72
9	73
9	76
9	77
9	78
9	79
9	82
9	83
9	84
9	85
9	86
9	88
9	90
9	91
9	92
9	93
9	94
9	99
10	2
10	3
10	7
10	14
10	31
10	32
10	33
10	44
10	45
10	47
10	52
10	58
10	69
10	71
10	75
10	77
10	79
10	86
10	89
10	92
10	99
11	1
11	2
11	3
11	4
11	5
11	6
11	7
11	10
11	13
11	15
11	16
11	20
11	21
11	22
11	24
11	26
11	28
11	29
11	31
11	32
11	33
11	34
11	35
11	38
11	40
11	41
11	44
11	45
11	46
11	47
11	48
11	49
11	51
11	53
11	54
11	55
11	56
11	57
11	58
11	59
11	60
11	62
11	63
11	64
11	65
11	68
11	69
11	72
11	73
11	76
11	78
11	79
11	81
11	82
11	83
11	84
11	85
11	86
11	88
11	89
11	90
11	91
11	92
11	93
11	94
11	95
11	99
12	1
12	2
12	3
12	5
12	6
12	7
12	8
12	10
12	11
12	13
12	15
12	16
12	18
12	20
12	21
12	22
12	26
12	28
12	29
12	30
12	31
12	32
12	33
12	34
12	35
12	36
12	40
12	41
12	44
12	45
12	46
12	47
12	48
12	49
12	51
12	52
12	53
12	55
12	56
12	57
12	58
12	59
12	60
12	62
12	63
12	64
12	66
12	67
12	68
12	69
12	70
12	71
12	72
12	73
12	76
12	78
12	79
12	82
12	83
12	84
12	85
12	86
12	88
12	89
12	90
12	91
12	92
12	93
12	94
12	95
12	99
13	2
13	3
13	7
13	11
13	25
13	31
13	32
13	33
13	45
13	47
13	52
13	58
13	69
13	71
13	73
13	79
13	86
13	89
13	92
13	99
14	2
14	6
14	22
14	31
14	33
14	47
14	61
14	62
14	63
14	72
14	76
14	79
14	88
14	91
15	2
15	3
15	7
15	11
15	31
15	32
15	33
15	44
15	45
15	47
15	52
15	58
15	69
15	71
15	73
15	77
15	79
15	86
15	89
15	92
15	99
16	2
16	3
16	7
16	11
16	25
16	31
16	33
16	43
16	44
16	45
16	47
16	52
16	58
16	69
16	71
16	73
16	75
16	77
16	79
16	81
16	86
16	92
16	99
17	1
17	2
17	3
17	5
17	6
17	7
17	8
17	10
17	11
17	13
17	15
17	16
17	18
17	20
17	21
17	22
17	24
17	25
17	28
17	29
17	31
17	32
17	33
17	34
17	35
17	37
17	38
17	39
17	40
17	41
17	44
17	45
17	46
17	47
17	48
17	51
17	53
17	54
17	55
17	56
17	57
17	58
17	59
17	60
17	62
17	63
17	64
17	67
17	68
17	69
17	70
17	71
17	72
17	73
17	75
17	76
17	77
17	78
17	79
17	82
17	83
17	84
17	85
17	86
17	88
17	89
17	90
17	91
17	92
17	93
17	94
17	95
18	2
18	3
18	7
18	11
18	25
18	31
18	32
18	33
18	44
18	45
18	47
18	52
18	58
18	69
18	71
18	73
18	77
18	79
18	86
18	89
18	92
18	99
19	2
19	6
19	8
19	22
19	31
19	33
19	47
19	53
19	62
19	63
19	72
19	76
19	79
19	91
20	2
20	3
20	7
20	11
20	25
20	31
20	32
20	33
20	44
20	45
20	47
20	58
20	69
20	71
20	73
20	77
20	79
20	92
20	99
21	2
21	3
21	7
21	11
21	14
21	25
21	31
21	32
21	33
21	36
21	44
21	45
21	47
21	52
21	58
21	69
21	71
21	73
21	77
21	79
21	86
21	89
21	92
21	99
22	2
22	3
22	7
22	11
22	31
22	33
22	44
22	45
22	47
22	52
22	58
22	69
22	71
22	73
22	77
22	79
22	86
22	92
22	98
23	2
23	3
23	5
23	6
23	7
23	8
23	10
23	11
23	12
23	13
23	15
23	16
23	18
23	19
23	20
23	21
23	22
23	24
23	25
23	26
23	28
23	29
23	31
23	32
23	33
23	34
23	35
23	37
23	41
23	44
23	45
23	46
23	47
23	48
23	49
23	51
23	54
23	55
23	56
23	57
23	58
23	59
23	60
23	63
23	64
23	65
23	66
23	67
23	68
23	69
23	70
23	71
23	72
23	74
23	76
23	77
23	78
23	79
23	82
23	83
23	84
23	85
23	86
23	88
23	90
23	91
23	92
23	93
23	94
23	95
23	99
24	2
24	6
24	22
24	31
24	33
24	47
24	53
24	62
24	63
24	72
24	76
24	79
24	88
24	91
25	2
25	6
25	8
25	22
25	31
25	33
25	47
25	50
25	53
25	61
25	62
25	63
25	72
25	76
25	79
25	88
25	91
26	2
26	4
26	7
26	11
26	25
26	31
26	32
26	33
26	44
26	45
26	47
26	52
26	58
26	69
26	71
26	73
26	77
26	79
26	86
26	89
26	92
26	99
27	2
27	3
27	7
27	11
27	14
27	25
27	31
27	32
27	33
27	44
27	45
27	47
27	58
27	69
27	71
27	73
27	77
27	79
27	86
27	89
27	92
27	99
28	2
28	6
28	8
28	22
28	31
28	33
28	47
28	53
28	62
28	63
28	72
28	76
28	79
28	91
29	2
29	3
29	7
29	14
29	31
29	33
29	44
29	45
29	47
29	52
29	58
29	69
29	71
29	73
29	79
29	80
29	86
29	89
29	92
29	99
30	2
30	5
30	6
30	7
30	8
30	10
30	11
30	13
30	15
30	16
30	18
30	21
30	22
30	23
30	24
30	25
30	26
30	28
30	29
30	31
30	32
30	33
30	34
30	35
30	36
30	40
30	41
30	44
30	45
30	47
30	48
30	50
30	51
30	52
30	54
30	55
30	56
30	57
30	59
30	60
30	62
30	63
30	66
30	67
30	68
30	69
30	70
30	71
30	72
30	73
30	76
30	78
30	79
30	82
30	83
30	84
30	86
30	87
30	88
30	89
30	90
30	91
30	92
30	93
30	94
30	95
30	99
31	2
31	3
31	7
31	11
31	32
31	33
31	44
31	45
31	47
31	58
31	69
31	71
31	73
31	77
31	79
31	86
31	89
31	92
31	99
32	2
32	6
32	8
32	22
32	31
32	33
32	47
32	50
32	53
32	62
32	63
32	72
32	76
32	79
32	88
32	91
33	2
33	3
33	7
33	31
33	32
33	44
33	45
33	47
33	52
33	58
33	69
33	71
33	73
33	74
33	77
33	79
33	86
33	89
33	92
33	98
33	99
34	2
34	3
34	7
34	11
34	25
34	31
34	32
34	33
34	38
34	44
34	45
34	47
34	58
34	69
34	71
34	73
34	79
34	86
34	89
34	92
34	99
35	2
35	7
35	25
35	31
35	33
35	43
35	44
35	45
35	47
35	52
35	58
35	69
35	71
35	73
35	77
35	79
35	86
35	92
35	99
36	2
36	3
36	7
36	25
36	31
36	32
36	33
36	44
36	45
36	47
36	52
36	58
36	71
36	73
36	79
36	86
36	92
36	99
37	2
37	3
37	7
37	11
37	31
37	32
37	33
37	44
37	45
37	47
37	58
37	69
37	71
37	73
37	77
37	79
37	86
37	89
37	92
37	99
38	2
38	3
38	11
38	25
38	31
38	33
38	44
38	45
38	47
38	52
38	69
38	71
38	73
38	79
38	86
38	89
38	92
38	99
39	2
39	6
39	8
39	22
39	31
39	33
39	47
39	53
39	61
39	62
39	63
39	72
39	76
39	79
39	91
40	2
40	31
40	33
40	47
40	79
41	2
41	31
41	33
41	47
41	79
42	0
42	1
42	2
42	3
42	5
42	6
42	7
42	10
42	11
42	13
42	14
42	15
42	18
42	19
42	20
42	21
42	22
42	24
42	26
42	28
42	29
42	31
42	32
42	33
42	34
42	35
42	37
42	40
42	41
42	44
42	45
42	46
42	47
42	49
42	51
42	52
42	53
42	54
42	55
42	56
42	58
42	59
42	60
42	62
42	63
42	65
42	66
42	67
42	68
42	69
42	70
42	72
42	73
42	76
42	78
42	79
42	82
42	83
42	84
42	85
42	86
42	88
42	89
42	90
42	91
42	92
42	93
42	94
42	95
42	99
43	0
43	2
43	3
43	6
43	7
43	10
43	11
43	13
43	15
43	16
43	18
43	19
43	20
43	21
43	22
43	23
43	24
43	25
43	28
43	29
43	30
43	31
43	32
43	33
43	34
43	37
43	40
43	41
43	44
43	45
43	47
43	48
43	49
43	51
43	52
43	54
43	55
43	56
43	57
43	58
43	59
43	60
43	62
43	63
43	64
43	65
43	67
43	68
43	71
43	72
43	73
43	76
43	77
43	78
43	79
43	82
43	83
43	84
43	85
43	86
43	88
43	89
43	90
43	91
43	92
43	93
43	94
43	95
43	99
44	2
44	6
44	31
44	33
44	47
44	53
44	62
44	63
44	72
44	76
44	79
44	91
45	2
45	31
45	33
45	47
45	79
46	1
46	2
46	3
46	5
46	6
46	7
46	8
46	10
46	13
46	15
46	16
46	18
46	19
46	20
46	22
46	25
46	26
46	28
46	29
46	30
46	31
46	32
46	33
46	34
46	35
46	37
46	40
46	41
46	44
46	45
46	47
46	48
46	49
46	51
46	53
46	54
46	55
46	56
46	57
46	58
46	59
46	60
46	62
46	63
46	64
46	66
46	68
46	69
46	70
46	71
46	72
46	73
46	75
46	77
46	78
46	79
46	83
46	84
46	85
46	86
46	88
46	90
46	91
46	92
46	93
46	94
46	95
46	96
46	97
46	99
47	2
47	3
47	4
47	7
47	11
47	31
47	32
47	33
47	36
47	38
47	44
47	45
47	58
47	69
47	71
47	73
47	77
47	79
47	86
47	92
47	99
48	2
48	3
48	7
48	9
48	11
48	31
48	32
48	33
48	44
48	45
48	47
48	58
48	69
48	71
48	73
48	77
48	79
48	86
48	89
48	99
49	2
49	31
49	33
49	47
49	79
50	1
50	2
50	3
50	5
50	6
50	7
50	11
50	13
50	15
50	16
50	18
50	19
50	20
50	22
50	24
50	26
50	28
50	29
50	31
50	32
50	33
50	34
50	35
50	37
50	40
50	41
50	44
50	45
50	46
50	47
50	48
50	49
50	51
50	52
50	53
50	54
50	55
50	56
50	57
50	58
50	59
50	60
50	62
50	63
50	64
50	65
50	67
50	68
50	69
50	70
50	71
50	72
50	73
50	76
50	77
50	78
50	79
50	82
50	84
50	85
50	86
50	89
50	90
50	91
50	92
50	93
50	94
50	95
50	98
50	99
51	2
51	3
51	7
51	25
51	31
51	32
51	33
51	44
51	45
51	47
51	52
51	58
51	69
51	71
51	73
51	79
51	86
51	89
51	92
51	99
52	2
52	3
52	7
52	11
52	25
52	31
52	32
52	33
52	43
52	44
52	45
52	47
52	58
52	69
52	71
52	73
52	77
52	79
52	80
52	86
52	89
52	92
52	99
53	2
53	3
53	7
53	11
53	25
53	31
53	32
53	33
53	44
53	45
53	47
53	58
53	71
53	73
53	74
53	77
53	79
53	86
53	89
53	92
53	99
54	2
54	3
54	7
54	11
54	31
54	32
54	33
54	36
54	44
54	45
54	47
54	52
54	58
54	71
54	79
54	86
54	89
54	92
54	99
55	2
55	3
55	7
55	25
55	31
55	32
55	33
55	44
55	47
55	52
55	58
55	69
55	71
55	73
55	77
55	79
55	86
55	89
55	92
55	99
56	2
56	3
56	7
56	9
56	11
56	31
56	32
56	33
56	45
56	47
56	52
56	58
56	69
56	71
56	73
56	77
56	79
56	86
56	89
56	92
56	99
57	1
57	2
57	3
57	5
57	7
57	8
57	10
57	11
57	13
57	15
57	18
57	19
57	20
57	21
57	22
57	24
57	25
57	26
57	28
57	29
57	30
57	31
57	32
57	33
57	34
57	35
57	37
57	40
57	41
57	44
57	45
57	46
57	47
57	48
57	49
57	51
57	53
57	54
57	55
57	56
57	58
57	59
57	60
57	62
57	63
57	64
57	65
57	66
57	67
57	68
57	71
57	72
57	73
57	76
57	77
57	78
57	79
57	82
57	83
57	84
57	85
57	86
57	88
57	89
57	90
57	91
57	92
57	93
57	94
57	95
57	99
58	2
58	31
58	33
58	47
58	79
59	2
59	3
59	7
59	11
59	25
59	31
59	32
59	33
59	36
59	44
59	45
59	47
59	58
59	69
59	71
59	73
59	79
59	80
59	86
59	89
59	92
59	99
60	2
60	7
60	25
60	31
60	32
60	33
60	44
60	45
60	47
60	58
60	69
60	71
60	73
60	77
60	79
60	92
60	99
61	1
61	2
61	5
61	6
61	7
61	10
61	13
61	15
61	16
61	18
61	19
61	20
61	21
61	22
61	24
61	25
61	26
61	28
61	29
61	30
61	31
61	32
61	33
61	34
61	35
61	37
61	40
61	41
61	44
61	45
61	46
61	47
61	48
61	49
61	51
61	53
61	54
61	55
61	56
61	57
61	58
61	59
61	60
61	62
61	63
61	64
61	65
61	67
61	68
61	69
61	71
61	72
61	73
61	76
61	77
61	78
61	79
61	82
61	83
61	84
61	85
61	86
61	88
61	89
61	90
61	91
61	92
61	93
61	94
61	98
61	99
62	2
62	3
62	9
62	11
62	25
62	31
62	32
62	33
62	44
62	45
62	47
62	58
62	69
62	71
62	73
62	77
62	79
62	86
62	89
62	92
62	99
63	2
63	3
63	4
63	7
63	11
63	25
63	31
63	32
63	33
63	44
63	45
63	47
63	52
63	58
63	69
63	71
63	73
63	79
63	86
63	89
63	99
64	2
64	3
64	11
64	31
64	32
64	33
64	44
64	45
64	47
64	52
64	58
64	69
64	71
64	73
64	77
64	79
64	86
64	89
64	92
64	98
64	99
65	1
65	2
65	3
65	5
65	6
65	10
65	11
65	13
65	16
65	18
65	19
65	20
65	21
65	22
65	25
65	26
65	28
65	29
65	30
65	31
65	32
65	33
65	34
65	35
65	40
65	41
65	44
65	45
65	46
65	47
65	48
65	49
65	51
65	52
65	53
65	54
65	55
65	56
65	57
65	58
65	59
65	60
65	62
65	63
65	64
65	66
65	67
65	68
65	69
65	70
65	71
65	72
65	73
65	76
65	77
65	78
65	79
65	83
65	84
65	85
65	86
65	89
65	90
65	91
65	92
65	93
65	94
65	95
65	99
66	2
66	3
66	7
66	11
66	25
66	31
66	32
66	33
66	44
66	45
66	47
66	52
66	58
66	69
66	71
66	73
66	79
66	86
66	92
66	99
67	1
67	2
67	3
67	6
67	7
67	8
67	10
67	11
67	13
67	15
67	16
67	19
67	20
67	21
67	22
67	24
67	25
67	26
67	28
67	29
67	30
67	31
67	32
67	33
67	34
67	35
67	37
67	40
67	41
67	44
67	45
67	46
67	47
67	48
67	49
67	51
67	53
67	54
67	55
67	56
67	57
67	58
67	59
67	60
67	62
67	63
67	64
67	65
67	66
67	68
67	69
67	70
67	71
67	72
67	73
67	76
67	77
67	78
67	79
67	83
67	84
67	85
67	86
67	89
67	90
67	92
67	93
67	94
67	95
67	99
68	2
68	3
68	7
68	11
68	25
68	31
68	33
68	44
68	45
68	47
68	58
68	69
68	71
68	73
68	74
68	75
68	77
68	79
68	86
68	89
68	92
68	99
69	2
69	8
69	22
69	31
69	33
69	47
69	53
69	62
69	63
69	72
69	79
69	88
69	91
70	2
70	3
70	7
70	25
70	31
70	32
70	33
70	44
70	45
70	47
70	52
70	58
70	71
70	73
70	75
70	77
70	79
70	86
70	89
70	92
70	98
70	99
71	2
71	31
71	33
71	47
71	79
72	1
72	2
72	3
72	4
72	5
72	6
72	7
72	10
72	11
72	13
72	15
72	16
72	18
72	19
72	20
72	21
72	22
72	24
72	25
72	26
72	28
72	29
72	30
72	31
72	33
72	34
72	37
72	40
72	41
72	42
72	44
72	45
72	46
72	47
72	48
72	49
72	51
72	52
72	53
72	55
72	56
72	57
72	58
72	59
72	60
72	62
72	63
72	64
72	65
72	66
72	67
72	68
72	69
72	71
72	73
72	76
72	77
72	78
72	79
72	82
72	83
72	84
72	86
72	88
72	90
72	91
72	92
72	93
72	94
72	95
72	96
72	99
73	2
73	6
73	22
73	31
73	33
73	47
73	53
73	62
73	63
73	72
73	76
73	79
73	91
74	2
74	6
74	8
74	22
74	31
74	33
74	47
74	62
74	63
74	72
74	76
74	79
74	91
75	1
75	2
75	3
75	5
75	6
75	7
75	8
75	10
75	11
75	13
75	15
75	16
75	18
75	19
75	20
75	21
75	22
75	26
75	28
75	29
75	30
75	31
75	32
75	33
75	35
75	37
75	39
75	40
75	41
75	44
75	45
75	47
75	48
75	51
75	52
75	53
75	54
75	55
75	56
75	57
75	58
75	59
75	60
75	61
75	62
75	63
75	64
75	65
75	66
75	67
75	68
75	69
75	70
75	71
75	72
75	73
75	76
75	77
75	78
75	79
75	82
75	83
75	84
75	85
75	86
75	88
75	90
75	92
75	93
75	94
75	95
75	96
75	99
76	2
76	3
76	7
76	11
76	31
76	32
76	33
76	44
76	45
76	47
76	58
76	69
76	71
76	73
76	77
76	79
76	86
76	92
76	99
77	0
77	2
77	6
77	8
77	22
77	31
77	33
77	47
77	53
77	63
77	72
77	76
77	79
77	91
78	2
78	3
78	7
78	11
78	31
78	32
78	33
78	44
78	45
78	47
78	52
78	58
78	69
78	71
78	73
78	77
78	79
78	86
78	92
78	99
79	1
79	2
79	3
79	5
79	6
79	7
79	10
79	11
79	13
79	15
79	16
79	18
79	19
79	20
79	21
79	22
79	24
79	26
79	28
79	29
79	31
79	32
79	33
79	35
79	37
79	40
79	41
79	42
79	45
79	47
79	48
79	49
79	51
79	53
79	54
79	55
79	56
79	57
79	58
79	59
79	60
79	62
79	64
79	65
79	66
79	67
79	68
79	69
79	70
79	71
79	72
79	73
79	76
79	77
79	82
79	83
79	84
79	85
79	86
79	88
79	91
79	93
79	94
79	95
79	97
79	99
80	1
80	2
80	3
80	5
80	7
80	8
80	9
80	13
80	15
80	16
80	18
80	20
80	21
80	22
80	24
80	26
80	28
80	29
80	30
80	31
80	32
80	33
80	34
80	35
80	37
80	40
80	41
80	44
80	45
80	46
80	47
80	51
80	52
80	53
80	55
80	56
80	57
80	58
80	59
80	60
80	62
80	63
80	64
80	66
80	67
80	68
80	69
80	71
80	72
80	73
80	76
80	77
80	78
80	79
80	82
80	83
80	84
80	85
80	86
80	88
80	89
80	90
80	91
80	92
80	93
80	94
80	95
80	99
81	2
81	6
81	8
81	22
81	31
81	33
81	47
81	50
81	53
81	62
81	63
81	72
81	76
81	79
81	88
81	91
82	0
82	2
82	6
82	22
82	31
82	33
82	47
82	53
82	62
82	63
82	72
82	76
82	79
82	87
82	88
83	2
83	6
83	9
83	22
83	31
83	33
83	47
83	50
83	53
83	62
83	63
83	72
83	76
83	79
83	91
84	2
84	3
84	7
84	31
84	33
84	44
84	45
84	47
84	52
84	69
84	71
84	73
84	79
84	89
84	92
84	99
85	2
85	3
85	7
85	25
85	31
85	32
85	33
85	36
85	44
85	45
85	47
85	52
85	58
85	69
85	71
85	73
85	77
85	79
85	86
85	89
85	92
85	99
86	2
86	6
86	8
86	22
86	31
86	33
86	47
86	53
86	62
86	63
86	72
86	76
86	79
86	91
87	2
87	6
87	8
87	9
87	22
87	31
87	33
87	47
87	50
87	53
87	62
87	63
87	76
87	79
87	88
87	91
88	1
88	2
88	3
88	4
88	6
88	7
88	8
88	10
88	13
88	15
88	16
88	18
88	19
88	20
88	21
88	22
88	23
88	26
88	29
88	30
88	31
88	32
88	33
88	34
88	35
88	40
88	41
88	44
88	45
88	46
88	47
88	48
88	49
88	51
88	52
88	53
88	54
88	55
88	56
88	57
88	58
88	59
88	60
88	62
88	63
88	64
88	66
88	69
88	71
88	72
88	73
88	74
88	76
88	78
88	79
88	82
88	83
88	84
88	85
88	89
88	90
88	91
88	92
88	93
88	94
88	95
88	99
89	2
89	6
89	8
89	22
89	31
89	33
89	47
89	53
89	61
89	62
89	63
89	72
89	76
89	79
89	88
89	91
90	2
90	3
90	7
90	11
90	14
90	31
90	33
90	36
90	38
90	44
90	45
90	47
90	69
90	71
90	73
90	77
90	79
90	86
90	89
90	92
90	99
91	2
91	3
91	7
91	11
91	31
91	32
91	33
91	36
91	44
91	45
91	47
91	52
91	58
91	69
91	73
91	77
91	79
91	80
91	86
91	92
91	99
92	2
92	6
92	8
92	22
92	31
92	33
92	47
92	53
92	61
92	62
92	63
92	72
92	76
92	79
92	88
92	91
93	2
93	3
93	7
93	11
93	31
93	33
93	36
93	44
93	45
93	47
93	58
93	69
93	73
93	77
93	79
93	86
93	89
93	92
93	99
94	2
94	6
94	8
94	22
94	31
94	33
94	47
94	53
94	62
94	63
94	72
94	76
94	79
94	91
95	2
95	6
95	9
95	22
95	31
95	33
95	47
95	50
95	53
95	63
95	76
95	79
95	88
95	91
96	2
96	3
96	11
96	31
96	32
96	33
96	38
96	44
96	45
96	47
96	58
96	69
96	71
96	73
96	77
96	79
96	86
96	89
96	92
96	99
97	1
97	2
97	3
97	5
97	6
97	7
97	8
97	10
97	11
97	15
97	16
97	19
97	20
97	21
97	22
97	26
97	28
97	29
97	31
97	33
97	35
97	40
97	41
97	43
97	44
97	45
97	46
97	47
97	48
97	49
97	51
97	52
97	53
97	54
97	55
97	56
97	57
97	58
97	59
97	60
97	62
97	63
97	64
97	65
97	66
97	67
97	68
97	69
97	70
97	71
97	72
97	73
97	76
97	78
97	79
97	83
97	84
97	85
97	86
97	88
97	89
97	90
97	91
97	92
97	93
97	94
97	95
97	99
98	2
98	31
98	33
98	47
98	79
99	2
99	31
99	33
99	47
99	79
