100	2049
0	3
0	4
0	5
0	6
0	7
0	9
0	10
0	11
0	12
0	13
0	14
0	15
0	16
0	18
0	20
0	21
0	22
0	24
0	27
0	28
0	29
0	30
0	31
0	32
0	33
0	34
0	36
0	37
0	38
0	39
0	40
0	42
0	43
0	44
0	45
0	47
0	49
0	50
0	51
0	52
0	54
0	55
0	56
0	57
0	58
0	59
0	61
0	64
0	65
0	66
0	67
0	68
0	72
0	73
0	76
0	77
0	79
0	80
0	81
0	82
0	84
0	85
0	86
0	87
0	89
0	90
0	91
0	92
0	95
0	97
0	98
0	99
1	3
1	11
1	15
1	24
1	42
1	43
1	45
1	51
1	64
1	66
1	73
1	80
1	92
2	0
2	1
2	3
2	4
2	5
2	6
2	9
2	10
2	11
2	12
2	13
2	14
2	15
2	16
2	18
2	20
2	21
2	22
2	24
2	27
2	28
2	29
2	30
2	32
2	33
2	34
2	36
2	37
2	39
2	40
2	42
2	43
2	44
2	45
2	47
2	49
2	50
2	51
2	52
2	53
2	54
2	55
2	57
2	58
2	61
2	62
2	64
2	65
2	66
2	67
2	68
2	69
2	70
2	71
2	72
2	73
2	76
2	77
2	79
2	80
2	81
2	82
2	84
2	85
2	86
2	87
2	89
2	90
2	91
2	92
2	93
2	94
2	95
2	97
2	98
2	99
3	11
3	32
3	40
3	45
3	62
3	99
4	11
4	21
4	30
4	33
4	40
4	45
4	53
4	62
4	65
4	70
4	76
4	88
4	99
5	11
5	21
5	30
5	32
5	33
5	40
5	45
5	62
5	65
5	70
5	76
5	99
6	11
6	21
6	30
6	32
6	40
6	45
6	46
6	53
6	62
6	65
6	70
6	99
7	3
7	5
7	11
7	15
7	42
7	43
7	45
7	51
7	53
7	64
7	66
7	73
7	80
8	11
8	21
8	30
8	40
8	45
8	53
8	62
8	65
8	70
8	76
8	88
8	99
9	11
9	21
9	30
9	32
9	33
9	40
9	45
9	53
9	62
9	65
9	70
9	76
9	99
10	11
10	21
10	30
10	32
10	33
10	40
10	45
10	53
10	62
10	65
10	70
10	76
10	99
11	21
11	30
11	32
11	33
11	35
11	40
11	45
11	62
11	65
11	76
11	88
11	99
12	11
12	21
12	35
12	40
12	45
12	46
12	62
12	65
12	70
12	76
12	99
13	3
13	5
13	8
13	11
13	15
13	24
13	42
13	43
13	45
13	51
13	53
13	64
13	66
13	73
13	80
14	11
14	26
14	30
14	32
14	40
14	45
14	46
14	53
14	62
14	65
14	76
14	99
15	11
15	21
15	30
15	32
15	33
15	40
15	45
15	53
15	62
15	65
15	70
15	83
15	99
16	3
16	5
16	11
16	15
16	24
16	42
16	43
16	45
16	51
16	53
16	64
16	73
16	80
16	92
17	0
17	1
17	3
17	4
17	5
17	6
17	10
17	11
17	12
17	13
17	14
17	15
17	16
17	18
17	20
17	21
17	22
17	24
17	25
17	27
17	28
17	29
17	30
17	32
17	33
17	34
17	37
17	38
17	39
17	40
17	42
17	43
17	44
17	45
17	46
17	47
17	49
17	50
17	51
17	52
17	53
17	54
17	56
17	57
17	58
17	59
17	60
17	61
17	62
17	64
17	65
17	66
17	67
17	68
17	69
17	72
17	73
17	74
17	76
17	77
17	79
17	80
17	81
17	82
17	84
17	85
17	86
17	87
17	89
17	90
17	91
17	92
17	93
17	94
17	95
17	97
17	98
17	99
18	11
18	21
18	30
18	32
18	33
18	40
18	45
18	62
18	65
18	76
18	99
19	11
19	21
19	30
19	32
19	33
19	40
19	45
19	53
19	65
19	70
19	76
19	96
19	99
20	3
20	5
20	11
20	15
20	24
20	42
20	43
20	45
20	51
20	64
20	66
20	73
20	80
20	92
21	5
21	11
21	15
21	24
21	42
21	43
21	45
21	51
21	64
21	66
21	73
21	80
22	11
22	45
22	53
23	0
23	3
23	5
23	6
23	9
23	10
23	11
23	12
23	13
23	14
23	15
23	16
23	18
23	20
23	21
23	22
23	24
23	27
23	28
23	29
23	30
23	32
23	33
23	34
23	36
23	37
23	38
23	39
23	40
23	42
23	43
23	44
23	45
23	47
23	48
23	49
23	50
23	51
23	52
23	53
23	55
23	57
23	58
23	59
23	60
23	61
23	62
23	64
23	65
23	66
23	67
23	68
23	69
23	70
23	71
23	72
23	73
23	74
23	76
23	77
23	79
23	80
23	81
23	84
23	85
23	86
23	87
23	89
23	90
23	91
23	92
23	93
23	95
23	97
23	98
24	0
24	1
24	2
24	3
24	4
24	5
24	10
24	11
24	12
24	14
24	16
24	18
24	20
24	21
24	22
24	27
24	28
24	29
24	30
24	32
24	33
24	34
24	36
24	37
24	39
24	40
24	42
24	43
24	44
24	45
24	47
24	51
24	52
24	53
24	54
24	57
24	58
24	59
24	60
24	61
24	62
24	64
24	66
24	67
24	68
24	69
24	72
24	73
24	74
24	76
24	77
24	79
24	80
24	81
24	82
24	84
24	85
24	86
24	87
24	89
24	90
24	91
24	92
24	93
24	94
24	95
24	96
24	98
24	99
25	3
25	11
25	15
25	24
25	42
25	45
25	51
25	53
25	64
25	73
25	80
26	0
26	1
26	3
26	4
26	5
26	6
26	10
26	11
26	12
26	14
26	15
26	16
26	18
26	20
26	21
26	22
26	24
26	27
26	28
26	29
26	30
26	32
26	33
26	34
26	36
26	38
26	39
26	40
26	42
26	43
26	44
26	45
26	49
26	50
26	51
26	52
26	53
26	55
26	56
26	58
26	59
26	60
26	61
26	62
26	64
26	65
26	66
26	67
26	68
26	69
26	70
26	71
26	72
26	73
26	76
26	77
26	79
26	80
26	82
26	84
26	85
26	86
26	90
26	92
26	95
26	97
26	98
26	99
27	3
27	5
27	11
27	15
27	24
27	42
27	43
27	45
27	51
27	64
27	66
27	73
27	92
28	3
28	5
28	11
28	15
28	24
28	43
28	45
28	51
28	64
28	66
28	73
28	80
28	92
29	11
29	21
29	30
29	32
29	33
29	40
29	45
29	53
29	62
29	65
29	70
29	75
29	76
29	99
30	11
30	45
30	53
31	0
31	1
31	2
31	3
31	5
31	6
31	9
31	10
31	11
31	14
31	15
31	16
31	18
31	19
31	20
31	21
31	24
31	27
31	28
31	30
31	32
31	33
31	34
31	36
31	37
31	38
31	40
31	41
31	42
31	43
31	44
31	45
31	47
31	49
31	50
31	51
31	52
31	53
31	54
31	56
31	57
31	58
31	59
31	61
31	62
31	64
31	65
31	66
31	67
31	68
31	69
31	71
31	72
31	74
31	76
31	77
31	79
31	80
31	81
31	82
31	84
31	85
31	86
31	87
31	89
31	90
31	91
31	92
31	93
31	95
31	97
31	98
32	0
32	1
32	3
32	4
32	5
32	6
32	9
32	10
32	11
32	12
32	13
32	14
32	15
32	16
32	18
32	20
32	21
32	22
32	24
32	26
32	27
32	28
32	29
32	30
32	33
32	34
32	36
32	37
32	38
32	40
32	42
32	43
32	44
32	45
32	47
32	49
32	50
32	51
32	52
32	54
32	55
32	56
32	58
32	59
32	60
32	61
32	62
32	64
32	65
32	66
32	67
32	68
32	70
32	71
32	72
32	73
32	74
32	76
32	77
32	79
32	80
32	81
32	82
32	84
32	85
32	86
32	87
32	89
32	90
32	91
32	93
32	94
32	95
32	97
32	98
32	99
33	3
33	5
33	11
33	15
33	24
33	42
33	43
33	45
33	51
33	53
33	64
33	66
33	73
33	80
33	92
34	11
34	21
34	30
34	33
34	40
34	45
34	53
34	62
34	65
34	99
35	0
35	1
35	3
35	4
35	5
35	6
35	9
35	10
35	11
35	12
35	13
35	14
35	15
35	16
35	18
35	20
35	21
35	22
35	24
35	27
35	28
35	29
35	32
35	33
35	34
35	36
35	37
35	38
35	39
35	40
35	41
35	42
35	43
35	44
35	45
35	47
35	49
35	50
35	51
35	52
35	54
35	55
35	58
35	59
35	60
35	61
35	62
35	64
35	65
35	66
35	67
35	68
35	69
35	71
35	72
35	73
35	75
35	76
35	77
35	79
35	80
35	82
35	85
35	86
35	87
35	90
35	91
35	92
35	93
35	94
35	95
35	97
35	98
35	99
36	11
36	21
36	30
36	32
36	33
36	40
36	45
36	53
36	62
36	65
36	70
36	76
36	88
36	99
37	11
37	21
37	30
37	31
37	40
37	45
37	53
37	62
37	65
37	70
37	88
37	99
38	3
38	5
38	11
38	15
38	24
38	42
38	43
38	45
38	51
38	53
38	64
38	66
38	73
38	80
39	3
39	5
39	11
39	15
39	24
39	42
39	43
39	45
39	51
39	53
39	64
39	66
39	73
39	80
39	92
40	3
40	5
40	11
40	15
40	24
40	42
40	43
40	45
40	64
40	66
40	73
40	80
40	92
41	11
41	21
41	30
41	31
41	32
41	33
41	40
41	45
41	46
41	48
41	53
41	70
41	88
41	99
42	11
42	21
42	30
42	32
42	33
42	40
42	41
42	45
42	48
42	53
42	62
42	65
42	76
42	99
43	11
43	21
43	30
43	32
43	33
43	40
43	45
43	53
43	62
43	65
43	99
44	11
44	21
44	30
44	32
44	33
44	35
44	40
44	45
44	46
44	53
44	62
44	65
44	96
44	99
45	11
45	21
45	30
45	33
45	40
45	53
45	62
45	65
45	76
45	99
46	3
46	5
46	11
46	15
46	24
46	42
46	43
46	45
46	51
46	53
46	64
46	66
46	73
46	80
46	92
47	3
47	5
47	11
47	15
47	24
47	43
47	45
47	51
47	53
47	64
47	66
47	73
48	11
48	45
48	53
49	3
49	5
49	11
49	15
49	24
49	42
49	45
49	51
49	64
49	66
49	73
49	80
49	92
50	3
50	5
50	11
50	15
50	24
50	42
50	43
50	45
50	51
50	53
50	64
50	66
50	73
50	80
50	92
51	11
51	45
51	53
52	11
52	21
52	30
52	33
52	40
52	45
52	53
52	62
52	65
52	76
52	96
52	99
53	0
53	1
53	3
53	5
53	6
53	9
53	10
53	11
53	12
53	14
53	15
53	16
53	18
53	19
53	21
53	24
53	27
53	28
53	29
53	30
53	33
53	34
53	36
53	38
53	40
53	42
53	43
53	44
53	45
53	47
53	49
53	50
53	51
53	52
53	54
53	56
53	58
53	59
53	60
53	62
53	64
53	65
53	66
53	67
53	68
53	69
53	72
53	73
53	74
53	76
53	77
53	79
53	80
53	81
53	84
53	85
53	86
53	87
53	89
53	90
53	91
53	93
53	95
53	96
53	97
53	98
53	99
54	11
54	21
54	26
54	30
54	32
54	33
54	40
54	45
54	53
54	62
54	65
54	70
54	76
54	99
55	3
55	11
55	15
55	24
55	42
55	43
55	45
55	51
55	53
55	64
55	66
55	80
55	92
56	11
56	21
56	26
56	30
56	32
56	40
56	45
56	46
56	48
56	53
56	62
56	70
56	76
56	99
57	11
57	45
57	53
58	11
58	21
58	30
58	32
58	40
58	45
58	53
58	62
58	65
58	76
58	88
58	99
59	11
59	21
59	30
59	31
59	33
59	40
59	45
59	46
59	53
59	62
59	65
59	70
59	76
59	96
59	99
60	3
60	5
60	11
60	15
60	24
60	42
60	43
60	45
60	51
60	53
60	64
60	66
60	73
60	80
61	11
61	21
61	32
61	33
61	40
61	45
61	53
61	62
61	70
61	99
62	3
62	5
62	11
62	15
62	24
62	42
62	43
62	45
62	51
62	53
62	64
62	66
62	73
62	80
63	11
63	21
63	30
63	32
63	33
63	40
63	45
63	53
63	62
63	65
63	70
63	76
63	99
64	11
64	21
64	30
64	32
64	33
64	45
64	53
64	65
64	70
64	99
65	3
65	5
65	11
65	15
65	24
65	42
65	43
65	45
65	51
65	53
65	64
65	66
65	73
65	80
65	92
66	11
66	30
66	32
66	40
66	45
66	53
66	62
66	65
66	70
66	76
66	88
66	99
67	11
67	21
67	30
67	32
67	33
67	40
67	41
67	45
67	53
67	62
67	65
67	75
67	99
68	11
68	21
68	30
68	32
68	33
68	40
68	45
68	53
68	62
68	65
68	99
69	3
69	5
69	11
69	15
69	24
69	42
69	43
69	45
69	51
69	53
69	64
69	66
69	80
69	92
70	11
70	45
70	53
71	3
71	5
71	11
71	24
71	42
71	43
71	45
71	51
71	53
71	64
71	66
71	73
71	80
72	11
72	21
72	30
72	31
72	32
72	33
72	40
72	45
72	53
72	62
72	65
72	70
72	99
73	11
73	21
73	30
73	32
73	40
73	45
73	53
73	62
73	65
73	70
73	76
73	99
74	11
74	21
74	30
74	33
74	40
74	45
74	62
74	65
74	70
74	76
74	99
75	11
75	21
75	30
75	32
75	33
75	40
75	45
75	53
75	62
75	65
75	76
75	88
75	99
76	3
76	5
76	11
76	15
76	24
76	42
76	43
76	45
76	51
76	53
76	64
76	66
76	92
77	3
77	5
77	11
77	15
77	42
77	43
77	45
77	51
77	64
77	66
77	73
77	80
77	92
78	0
78	1
78	2
78	3
78	6
78	7
78	9
78	10
78	11
78	12
78	13
78	14
78	15
78	16
78	18
78	21
78	22
78	27
78	28
78	29
78	30
78	32
78	36
78	37
78	38
78	39
78	40
78	42
78	43
78	44
78	45
78	47
78	48
78	49
78	51
78	52
78	54
78	55
78	57
78	58
78	60
78	61
78	62
78	64
78	65
78	66
78	67
78	68
78	69
78	70
78	71
78	72
78	73
78	74
78	76
78	77
78	79
78	80
78	81
78	82
78	84
78	86
78	87
78	89
78	90
78	91
78	92
78	93
78	94
78	95
78	97
78	98
78	99
79	3
79	5
79	11
79	15
79	24
79	42
79	43
79	45
79	51
79	64
79	66
79	73
79	80
79	92
80	11
80	30
80	32
80	33
80	35
80	40
80	45
80	62
80	65
80	70
80	75
80	76
80	99
81	11
81	21
81	30
81	32
81	33
81	40
81	45
81	62
81	65
81	76
81	99
82	11
82	21
82	32
82	40
82	45
82	53
82	62
82	65
82	70
82	99
83	11
83	45
83	53
84	3
84	5
84	11
84	15
84	24
84	42
84	43
84	45
84	51
84	53
84	64
84	66
84	73
84	80
84	92
85	11
85	21
85	30
85	32
85	33
85	40
85	41
85	45
85	53
85	65
85	70
85	76
85	96
85	99
86	3
86	5
86	11
86	15
86	24
86	42
86	43
86	45
86	51
86	53
86	64
86	66
86	73
86	80
87	11
87	21
87	31
87	32
87	33
87	40
87	45
87	46
87	53
87	62
87	65
87	70
87	76
87	96
87	99
88	0
88	3
88	5
88	6
88	9
88	10
88	11
88	12
88	13
88	14
88	15
88	16
88	18
88	20
88	21
88	22
88	24
88	28
88	29
88	30
88	32
88	33
88	34
88	36
88	37
88	38
88	39
88	40
88	42
88	43
88	44
88	45
88	46
88	47
88	49
88	50
88	51
88	52
88	54
88	55
88	58
88	59
88	60
88	61
88	62
88	64
88	65
88	66
88	67
88	68
88	69
88	70
88	71
88	73
88	77
88	79
88	80
88	81
88	82
88	84
88	85
88	86
88	87
88	89
88	90
88	91
88	93
88	94
88	95
88	97
88	98
88	99
89	11
89	21
89	32
89	33
89	35
89	40
89	45
89	53
89	62
89	65
89	70
89	76
90	1
90	5
90	6
90	10
90	11
90	12
90	13
90	14
90	15
90	16
90	18
90	20
90	21
90	22
90	24
90	27
90	28
90	29
90	30
90	32
90	34
90	37
90	38
90	39
90	40
90	42
90	43
90	44
90	45
90	47
90	49
90	50
90	51
90	52
90	53
90	54
90	55
90	56
90	58
90	61
90	62
90	64
90	65
90	66
90	67
90	68
90	69
90	70
90	71
90	72
90	73
90	74
90	76
90	77
90	78
90	79
90	80
90	81
90	82
90	84
90	85
90	86
90	87
90	89
90	91
90	92
90	93
90	95
90	97
90	99
91	11
91	21
91	30
91	33
91	40
91	45
91	53
91	62
91	65
91	70
91	76
91	99
92	11
92	21
92	30
92	32
92	33
92	40
92	41
92	45
92	53
92	62
92	65
92	70
92	76
93	0
93	1
93	3
93	4
93	5
93	6
93	7
93	9
93	10
93	11
93	12
93	13
93	14
93	15
93	16
93	18
93	20
93	21
93	22
93	24
93	27
93	28
93	29
93	30
93	32
93	33
93	34
93	36
93	37
93	38
93	39
93	40
93	44
93	45
93	47
93	49
93	51
93	52
93	54
93	56
93	58
93	60
93	61
93	62
93	64
93	65
93	66
93	67
93	68
93	69
93	70
93	72
93	73
93	74
93	77
93	79
93	80
93	81
93	82
93	84
93	85
93	86
93	87
93	89
93	90
93	91
93	92
93	94
93	95
93	96
93	97
93	98
93	99
94	3
94	5
94	11
94	15
94	24
94	42
94	43
94	45
94	51
94	53
94	64
94	66
94	73
94	80
94	92
95	11
95	30
95	32
95	40
95	45
95	48
95	53
95	62
95	65
95	70
95	76
95	99
96	3
96	5
96	11
96	15
96	24
96	42
96	43
96	45
96	51
96	53
96	64
96	66
96	73
96	80
96	92
97	3
97	5
97	11
97	15
97	24
97	42
97	43
97	45
97	51
97	53
97	64
97	66
97	73
97	80
97	92
98	11
98	21
98	30
98	33
98	40
98	45
98	62
98	65
98	76
98	99
99	3
99	11
99	15
99	24
99	42
99	45
99	51
99	53
99	64
99	66
99	73
99	80
99	92
